solve( Tensor4DSym, Tensor2Sym )
A
        1.01           4           9      11.314      17.678      25.456
           4        5.26         9.2      10.017      14.243       19.18
           9         9.2       11.41      11.549      15.523      19.976
      11.314      10.017      11.549       9.755      12.714      15.938
      17.678      14.243      15.523      12.714      14.791       18.25
      25.456       19.18      19.976      15.938       18.25      20.817

b
           1           1           1
           1           1           1
           1           1           1

A:x=b -> x=
    -0.25219   -0.078666   -0.046405
   -0.078666     0.18421    0.048078
   -0.046405    0.048078     0.32896

residue A:x-b
  4.4409e-16 -2.2204e-16  4.4409e-16
 -2.2204e-16  2.2204e-16 -3.3307e-16
  4.4409e-16 -3.3307e-16  6.6613e-16

solve( Tensor4LSym, Tensor2Sym )
A
        1.01      2.3333      3.6667      3.5355      4.4783      5.4212
           4        5.26      7.1667      6.5407       8.061      9.6049
           9         9.2       11.41      9.9702      12.021      14.142
      11.314      10.017      11.549       9.755      11.533      13.417
      17.678      14.243      15.523      12.714      14.791      17.024
      25.456       19.18      19.976      15.938       18.25      20.817

b
           1           1           1
           1           1           1
           1           1           1

A:x=b -> x=
      3.3038      10.384      -3.406
      10.384     -3.9321      2.8695
      -3.406      2.8695     -15.098

residue A:x-b
  1.1102e-14 -3.2085e-14 -5.7065e-14
 -3.2085e-14  6.8834e-15 -3.6526e-14
 -5.7065e-14 -3.6526e-14 -1.7653e-14

T4Dinv*b
    -0.25219   -0.078666   -0.046405
   -0.078666     0.18421    0.048078
   -0.046405    0.048078     0.32896

T4Linv*b
      3.3038      10.384      -3.406
      10.384     -3.9321      2.8695
      -3.406      2.8695     -15.098

push forward pdD
      12.286      7.9281      7.2073      16.765      20.021      30.213
      7.9281        5.26      5.4039      11.442      13.241      19.508
      7.2073      5.4039      4.3307        9.68      11.202      16.265
      16.765      11.442        9.68      12.446      13.091      17.587
      20.021      13.241      11.202      13.091      12.345      16.272
      30.213      19.508      16.265      17.587      16.272      19.262

push forward pdL
      8.2141      6.2614      5.8926      7.6476      7.5663      9.7873
      5.9926        5.26      5.2857      7.3468      7.4069      9.8255
           6      5.3873      5.4841      7.6596      7.7338      10.286
      16.236      11.442      10.209      12.328       11.91       14.97
      19.826      13.241      11.397      13.103      12.464      15.307
      30.502      19.675      16.514      18.304       17.18      20.722

Spin tensor
           0         0.1           0
        -0.1           0           0
           0           0           0

Rotation tensor
       0.995    0.099833           0
   -0.099833       0.995           0
           0           0           1

